10
7
16 104 9
15 135 6
21 179 6
15 181 8
64 168 7
67 179 2
87 194 9
74 97 3
65 173 3
72 184 7
0 13 2 1 4 15 8 3 2 9 6 
13 0 10 13 13 4 6 6 4 10 10 
2 10 0 4 11 10 1 3 12 12 3 
1 13 4 0 7 5 9 10 5 11 5 
4 13 11 7 0 12 2 12 3 13 8 
15 4 10 5 12 0 8 7 10 11 13 
8 6 1 9 2 8 0 12 1 2 10 
3 6 3 10 12 7 12 0 10 8 2 
2 4 12 5 3 10 1 10 0 6 12 
9 10 12 11 13 11 2 8 6 0 9 
6 10 3 5 8 13 10 2 12 9 0 
0 10 15 7 5 12 8 9 13 15 5 
10 0 5 1 11 8 6 2 10 7 4 
15 5 0 13 15 4 2 6 6 3 11 
7 1 13 0 7 15 13 14 5 2 1 
5 11 15 7 0 15 10 7 5 11 10 
12 8 4 15 15 0 1 5 12 12 14 
8 6 2 13 10 1 0 2 10 5 2 
9 2 6 14 7 5 2 0 15 13 13 
13 10 6 5 5 12 10 15 0 11 11 
15 7 3 2 11 12 5 13 11 0 1 
5 4 11 1 10 14 2 13 11 1 0 
