12
6
49 118 2
100 175 4
95 133 10
39 177 9
98 110 6
93 184 7
41 94 9
71 83 10
42 145 1
68 187 6
80 196 6
75 114 4
0 13 13 8 1 8 13 4 9 11 1 5 10 
13 0 3 11 14 1 2 5 5 1 12 7 2 
13 3 0 12 9 10 4 4 15 9 8 4 5 
8 11 12 0 5 12 7 10 9 7 11 5 14 
1 14 9 5 0 11 13 3 10 11 5 10 11 
8 1 10 12 11 0 12 1 13 6 9 2 8 
13 2 4 7 13 12 0 11 9 11 2 5 15 
4 5 4 10 3 1 11 0 8 1 11 6 7 
9 5 15 9 10 13 9 8 0 2 11 15 11 
11 1 9 7 11 6 11 1 2 0 2 7 7 
1 12 8 11 5 9 2 11 11 2 0 4 10 
5 7 4 5 10 2 5 6 15 7 4 0 14 
10 2 5 14 11 8 15 7 11 7 10 14 0 
0 10 8 6 10 1 1 15 9 13 7 5 10 
10 0 15 2 14 9 6 10 6 8 9 5 1 
8 15 0 10 10 8 7 14 5 9 6 11 3 
6 2 10 0 9 14 1 5 15 3 13 9 7 
10 14 10 9 0 10 15 13 13 11 9 6 4 
1 9 8 14 10 0 6 11 14 13 1 15 13 
1 6 7 1 15 6 0 3 3 10 14 8 2 
15 10 14 5 13 11 3 0 6 6 11 15 2 
9 6 5 15 13 14 3 6 0 9 8 3 4 
13 8 9 3 11 13 10 6 9 0 5 1 5 
7 9 6 13 9 1 14 11 8 5 0 10 15 
5 5 11 9 6 15 8 15 3 1 10 0 12 
10 1 3 7 4 13 2 2 4 5 15 12 0 
