12
6
14 179 2
11 135 6
10 117 10
71 76 2
41 99 3
27 111 3
1 118 5
95 101 7
20 179 6
30 78 4
0 54 1
20 23 9
0 14 3 4 7 3 10 6 11 12 10 11 8 
14 0 14 7 15 15 1 13 8 3 10 10 7 
3 14 0 2 5 9 7 1 13 8 13 14 1 
4 7 2 0 3 1 1 9 15 10 13 15 11 
7 15 5 3 0 1 8 6 7 7 11 12 13 
3 15 9 1 1 0 9 6 14 1 2 1 14 
10 1 7 1 8 9 0 3 1 10 4 13 12 
6 13 1 9 6 6 3 0 3 10 11 4 6 
11 8 13 15 7 14 1 3 0 4 5 2 10 
12 3 8 10 7 1 10 10 4 0 5 6 14 
10 10 13 13 11 2 4 11 5 5 0 3 14 
11 10 14 15 12 1 13 4 2 6 3 0 10 
8 7 1 11 13 14 12 6 10 14 14 10 0 
0 3 12 4 11 9 1 7 10 8 10 11 4 
3 0 7 14 3 12 8 11 2 9 1 9 12 
12 7 0 15 6 6 2 6 13 9 4 8 11 
4 14 15 0 10 14 5 6 5 14 6 4 15 
11 3 6 10 0 11 11 7 13 6 9 3 15 
9 12 6 14 11 0 15 5 5 4 11 4 10 
1 8 2 5 11 15 0 1 4 2 10 15 2 
7 11 6 6 7 5 1 0 12 12 12 15 12 
10 2 13 5 13 5 4 12 0 6 5 2 14 
8 9 9 14 6 4 2 12 6 0 5 3 2 
10 1 4 6 9 11 10 12 5 5 0 5 7 
11 9 8 4 3 4 15 15 2 3 5 0 5 
4 12 11 15 15 10 2 12 14 2 7 5 0 
