8
9
62 122 1
31 167 4
48 127 1
60 126 4
83 118 2
4 63 1
9 152 8
74 109 7
0 4 7 3 4 3 8 12 11 
4 0 10 12 10 2 10 6 15 
7 10 0 10 6 1 11 9 14 
3 12 10 0 6 15 8 15 3 
4 10 6 6 0 14 10 4 11 
3 2 1 15 14 0 6 3 12 
8 10 11 8 10 6 0 2 2 
12 6 9 15 4 3 2 0 2 
11 15 14 3 11 12 2 2 0 
0 13 8 8 7 2 9 1 4 
13 0 9 15 7 12 2 9 14 
8 9 0 15 5 15 6 2 11 
8 15 15 0 15 8 2 13 4 
7 7 5 15 0 13 4 7 15 
2 12 15 8 13 0 4 14 14 
9 2 6 2 4 4 0 7 5 
1 9 2 13 7 14 7 0 9 
4 14 11 4 15 14 5 9 0 
