12
8
54 108 7
21 166 8
36 197 5
78 165 8
18 77 4
47 105 3
75 138 10
26 68 9
3 108 2
94 194 10
30 115 4
25 106 3
0 10 7 1 12 9 2 11 6 10 10 15 10 
10 0 10 3 6 12 2 10 15 11 3 10 12 
7 10 0 9 7 5 13 3 4 2 6 2 2 
1 3 9 0 10 12 7 10 2 14 12 15 7 
12 6 7 10 0 1 9 14 5 14 15 1 4 
9 12 5 12 1 0 8 2 5 2 13 11 1 
2 2 13 7 9 8 0 10 13 4 12 2 11 
11 10 3 10 14 2 10 0 14 3 6 8 1 
6 15 4 2 5 5 13 14 0 6 3 7 13 
10 11 2 14 14 2 4 3 6 0 3 5 8 
10 3 6 12 15 13 12 6 3 3 0 13 15 
15 10 2 15 1 11 2 8 7 5 13 0 15 
10 12 2 7 4 1 11 1 13 8 15 15 0 
0 13 8 5 10 10 14 2 10 6 6 10 6 
13 0 10 2 15 4 8 12 1 13 8 10 15 
8 10 0 2 15 11 11 13 6 15 11 2 11 
5 2 2 0 15 9 15 8 13 3 14 9 14 
10 15 15 15 0 13 5 6 11 4 6 9 12 
10 4 11 9 13 0 5 4 5 4 4 6 7 
14 8 11 15 5 5 0 6 11 11 11 4 15 
2 12 13 8 6 4 6 0 3 1 8 8 7 
10 1 6 13 11 5 11 3 0 15 9 3 10 
6 13 15 3 4 4 11 1 15 0 5 12 8 
6 8 11 14 6 4 11 8 9 5 0 10 3 
10 10 2 9 9 6 4 8 3 12 10 0 13 
6 15 11 14 12 7 15 7 10 8 3 13 0 
